 94
Illinois
 14
  42.50  87.80
  42.30  87.82
  41.70  87.50
  39.34  87.50
  39.13  87.62
  38.75  87.47
  38.20  88.00
  37.80  88.05
  37.65  88.15
  37.47  88.05
  37.40  88.45
  37.05  88.48
  37.20  89.00
  37.00  89.17
Wisconsin
 30
  42.50  90.67
  42.50  87.80
  42.75  87.75
  43.25  87.90
  43.70  87.70
  43.95  87.70
  44.18  87.50
  44.30  87.55
  44.55  87.45
  45.30  87.00
  45.30  87.08
  44.90  87.40
  44.85  87.62
  44.55  88.00
  44.95  87.85
  45.00  87.62
  45.10  87.58
  45.15  87.75
  45.35  87.62
  45.35  87.88
  45.70  87.80
  46.00  88.38
  46.05  88.83
  46.33  90.13
  46.55  90.40
  46.65  90.70
  46.59  90.94
  46.95  90.80
  46.70  92.00
  46.75  92.10
Indiana
 12
  41.70  84.80
  39.10  84.80
  39.05  84.90
  38.79  84.82
  38.72  85.40
  37.96  86.05
  38.18  86.35
  37.85  86.62
  38.00  86.81
  37.80  87.12
  37.90  87.40
  37.80  88.05
Lake Michigan 1
 15
  45.10  87.58
  45.75  87.08
  45.72  86.90
  45.90  86.52
  45.62  86.70
  45.98  86.35
  46.00  85.62
  46.10  85.50
  45.83  84.75
  45.60  85.12
  45.40  84.95
  45.25  85.38
  44.77  85.50
  44.77  85.65
  45.17  85.53
Lake Michigan 2
 17
  45.17  85.53
  44.90  86.05
  44.75  86.05
  44.70  86.25
  44.30  86.25
  44.05  86.50
  43.80  86.40
  43.65  86.50
  43.00  86.22
  42.75  86.17
  42.50  86.22
  42.20  86.37
  42.10  86.42
  41.93  86.52
  41.75  86.83
  41.60  87.25
  41.70  87.50
Iowa
 20
  40.38  91.45
  40.56  91.40
  40.68  91.13
  40.85  91.10
  40.95  90.95
  41.10  90.95
  41.20  91.10
  41.42  91.05
  41.59  90.35
  41.82  90.20
  42.10  90.20
  42.20  90.40
  42.50  90.67
  42.63  90.70
  42.72  91.00
  43.15  91.17
  43.25  91.05
  43.50  91.25
  43.50  94.00
  43.50  96.45
Missouri
 20
  36.00  89.72
  36.50  89.50
  36.55  89.20
  37.00  89.17
  37.05  89.37
  37.30  89.50
  37.35  89.42
  37.70  89.50
  38.25  90.40
  38.40  90.40
  38.83  90.15
  38.95  90.45
  38.86  90.60
  39.26  90.75
  39.67  91.20
  40.10  91.50
  40.38  91.45
  40.60  91.70
  40.58  94.00
  40.58  95.77
Kentucky
 19
  36.50  89.50
  36.50  88.05
  36.69  88.08
  36.68  87.85
  36.65  87.85
  36.62  86.00
  36.60  83.68
  36.75  83.12
  37.10  82.70
  37.52  82.00
  37.70  82.35
  38.17  82.67
  38.42  82.58
  38.75  82.87
  38.60  83.35
  38.67  83.70
  38.80  84.22
  39.00  84.30
  39.10  84.80
Washington
 24
  48.15 123.70
  48.35 124.75
  47.90 124.62
  47.00 124.18
  46.28 124.00
  46.17 123.15
  46.08 122.90
  45.65 122.77
  45.55 122.25
  45.70 121.80
  45.65 121.17
  46.00 119.00
  46.00 116.92
  46.40 117.00
  49.00 117.00
  49.00 120.00
  49.00 122.75
  48.60 122.42
  48.00 122.20
  47.30 122.30
  47.35 122.55
  47.80 122.50
  48.12 122.77
  48.15 123.70
Oregon
 14
  46.00 116.92
  45.60 116.50
  44.48 117.20
  44.30 117.20
  44.15 116.90
  43.80 117.00
  42.00 117.00
  42.00 120.00
  42.00 122.00
  42.00 124.20
  42.83 124.55
  44.00 124.15
  45.00 124.00
  46.28 124.00
Idaho
 19
  49.00 117.00
  49.00 116.05
  48.00 116.05
  47.70 115.75
  47.45 115.75
  46.63 114.60
  46.63 114.35
  45.57 114.60
  45.57 114.32
  45.70 114.00
  44.78 113.35
  44.33 112.83
  44.50 112.75
  44.55 111.50
  44.75 111.37
  44.50 111.05
  42.00 111.05
  42.00 114.05
  42.00 117.00
Montana
 9
  49.00 116.05
  49.00 114.05
  49.00 110.00
  49.00 107.00
  49.00 104.05
  45.00 104.05
  45.00 108.00
  45.00 111.05
  44.50 111.05
Wyoming
 6
  45.00 104.05
  41.00 104.05
  41.00 107.00
  41.00 109.05
  41.00 111.05
  42.00 111.05
Utah
 5
  42.00 114.05
  37.00 114.05
  37.00 111.00
  37.00 109.05
  41.00 109.05
Nevada
 10
  42.00 120.00
  39.00 120.00
  37.00 117.20
  35.00 114.60
  35.35 114.60
  36.10 114.70
  36.12 114.40
  36.00 114.20
  36.17 114.05
  37.00 114.05
California 1
 21
  35.00 114.60
  34.30 114.13
  33.95 114.50
  33.40 114.70
  33.10 114.70
  33.00 114.50
  32.84 114.45
  32.75 114.57
  32.72 114.70
  32.50 117.17
  33.20 117.40
  33.75 118.15
  33.72 118.35
  34.05 118.50
  34.07 119.00
  34.43 119.50
  34.45 120.45
  34.58 120.62
  35.13 120.62
  35.35 120.83
  36.30 121.90
California 2
 24
  36.30 121.90
  36.65 121.95
  36.60 121.80
  36.80 121.78
  36.98 121.90
  36.95 122.10
  37.20 122.40
  37.75 122.50
  37.80 122.40
  37.60 122.35
  37.45 122.05
  37.95 122.35
  38.15 122.25
  38.15 122.48
  37.80 122.50
  38.05 122.90
  38.45 123.12
  38.93 123.70
  39.50 123.75
  40.38 124.37
  40.45 124.40
  41.00 124.12
  41.40 124.05
  42.00 124.20
Arizona
 6
  32.72 114.70
  32.47 114.80
  32.00 113.25
  31.30 111.10
  31.30 109.05
  37.00 109.05
New Mexico
 11
  37.00 109.05
  37.00 106.00
  37.00 103.00
  36.50 103.00
  36.50 103.05
  32.00 103.05
  32.00 106.63
  31.77 106.50
  31.77 108.20
  31.30 108.20
  31.30 109.05
Colorado
 5
  37.00 103.00
  37.00 102.05
  40.00 102.05
  41.00 102.05
  41.00 104.05
North Dakota
 12
  49.00 104.05
  49.00 101.35
  49.00 100.00
  49.00  97.30
  48.68  97.10
  48.17  97.15
  47.63  96.88
  46.63  96.80
  46.30  96.62
  45.93  96.57
  45.93 100.00
  45.93 104.05
South Dakota
 17
  45.93  96.57
  45.77  96.62
  45.60  96.85
  45.40  96.70
  45.30  96.45
  43.50  96.45
  43.50  96.60
  43.10  96.50
  42.77  96.65
  42.50  96.45
  42.70  96.80
  42.85  97.30
  42.75  97.90
  42.75  98.05
  43.00  98.50
  43.00 101.00
  43.00 104.05
Nebraska
 8
  42.50  96.45
  41.45  95.85
  40.70  95.83
  40.58  95.77
  40.00  95.33
  40.00  97.00
  40.00 100.00
  40.00 102.05
Kansas
 9
  40.00  95.33
  39.85  95.10
  39.90  95.00
  39.75  94.87
  39.55  95.10
  39.10  94.63
  37.00  94.63
  37.00  98.00
  37.00 102.05
Oklahoma
 20
  37.00  94.63
  36.50  94.63
  35.37  94.42
  33.63  94.47
  33.93  95.18
  33.75  96.33
  33.90  96.93
  33.75  97.15
  33.90  97.22
  33.82  97.42
  33.98  97.65
  33.87  97.87
  34.15  98.13
  34.08  98.45
  34.20  99.17
  34.40  99.35
  34.35  99.63
  34.57 100.00
  36.50 100.00
  36.50 103.00
Texas 1
 27
  31.77 106.50
  31.77 106.45
  31.48 106.20
  31.38 106.00
  31.09 105.60
  30.85 105.40
  30.60 104.90
  30.18 104.67
  29.90 104.68
  29.62 104.50
  29.39 104.18
  29.22 103.78
  29.00 103.30
  29.00 103.13
  29.22 102.89
  29.72 102.69
  29.75 102.40
  29.88 102.34
  29.79 102.05
  29.78 101.42
  29.50 101.25
  29.07 100.67
  28.21 100.30
  27.80  99.80
  27.60  99.55
  27.02  99.45
  26.40  99.10
Texas 2
 29
  26.40  99.10
  26.45  98.80
  26.05  98.20
  26.00  97.68
  25.87  97.40
  25.96  97.17
  26.30  97.20
  26.80  97.35
  27.50  97.25
  28.00  96.92
  28.35  96.40
  28.75  95.65
  28.90  95.40
  29.00  95.25
  29.40  94.70
  29.55  94.45
  29.68  94.05
  29.70  93.85
  29.80  93.95
  30.15  93.70
  30.60  93.70
  31.10  93.55
  31.20  93.55
  31.60  93.85
  31.80  93.85
  32.00  94.05
  33.00  94.05
  33.55  94.05
  33.63  94.47
Texas 3
 24
  25.96  97.17
  26.90  97.50
  27.25  97.45
  27.25  97.60
  27.45  97.50
  27.30  97.50
  27.32  97.40
  27.70  97.25
  27.80  97.40
  27.85  97.50
  27.85  97.17
  28.20  96.85
  28.47  96.40
  28.65  96.60
  28.60  96.20
  28.90  95.40
  29.35  94.90
  29.55  95.00
  29.70  95.00
  29.65  94.88
  29.80  94.80
  29.80  94.65
  29.55  94.75
  29.55  94.45
Louisiana 1
 28
  29.70  93.85
  29.80  93.20
  29.80  93.05
  29.60  92.60
  29.55  92.20
  29.60  92.10
  29.50  91.80
  29.60  91.75
  29.65  91.90
  29.62  92.10
  29.75  92.20
  29.85  91.80
  29.75  91.60
  29.50  91.50
  29.35  91.25
  29.30  91.35
  29.10  90.70
  29.30  90.25
  29.25  90.25
  29.10  90.20
  29.20  90.05
  29.50  90.05
  29.05  89.15
  29.30  89.15
  29.40  89.50
  29.70  89.80
  29.80  89.40
  30.05  89.45
Louisiana 2
 16
  30.05  89.45
  29.85  89.60
  29.95  89.85
  30.15  89.70
  30.05  90.15
  30.15  90.40
  30.40  90.20
  30.15  89.60
  30.20  89.50
  30.67  89.83
  31.00  89.75
  31.00  91.65
  31.85  91.35
  32.35  90.90
  33.00  91.20
  33.00  94.05
Arkansas
 11
  33.00  91.20
  33.70  91.20
  34.40  90.75
  35.00  90.30
  35.15  90.10
  36.00  89.72
  36.00  90.40
  36.33  90.08
  36.50  90.15
  36.50  92.00
  36.50  94.63
Minnesota 1
 20
  49.00  97.30
  49.00  95.15
  49.35  95.15
  49.32  94.85
  48.78  94.75
  48.60  93.85
  48.50  93.85
  48.63  93.25
  48.60  92.95
  48.45  92.45
  48.20  92.38
  48.20  92.28
  48.35  92.28
  48.38  92.05
  48.25  92.00
  48.07  91.40
  48.25  90.85
  48.10  90.75
  48.10  90.00
  48.00  89.52
Minnesota 2
 19
  48.00  89.52
  47.90  89.88
  47.60  90.75
  47.10  91.48
  46.75  92.10
  46.65  92.25
  46.08  92.25
  46.00  92.35
  45.89  92.75
  45.65  92.90
  45.40  92.63
  45.30  92.79
  44.75  92.77
  44.35  91.95
  44.20  91.85
  44.13  91.78
  44.00  91.40
  43.80  91.25
  43.50  91.25
Lake Superior 1
 20
  46.55  90.40
  46.84  89.82
  46.86  89.40
  47.00  89.00
  47.48  88.20
  47.45  87.70
  47.20  88.25
  46.80  88.42
  46.92  88.20
  46.80  87.65
  46.50  87.35
  46.45  86.63
  46.68  86.15
  46.75  85.00
  46.50  85.00
  46.50  84.50
  46.90  84.38
  47.00  84.75
  47.30  84.58
  47.58  85.00
Lake Superior 2
 22
  47.58  85.00
  47.92  84.83
  47.95  85.60
  48.15  86.05
  48.75  86.42
  48.77  87.30
  49.00  88.10
  48.85  88.30
  48.80  88.20
  48.85  87.95
  48.82  87.70
  48.75  87.65
  48.75  88.00
  48.40  88.60
  48.75  88.30
  48.85  88.50
  48.35  88.75
  48.30  88.90
  48.55  88.75
  48.40  89.25
  48.10  89.35
  48.00  89.52
Lake Huron 1
 20
  46.50  84.50
  46.50  84.12
  46.00  83.95
  46.10  83.65
  45.92  83.50
  45.53  82.00
  45.50  81.75
  45.75  81.50
  45.92  81.92
  45.92  83.50
  46.00  83.95
  46.30  83.78
  46.17  82.17
  45.90  80.75
  45.00  80.00
  44.45  80.05
  44.80  81.00
  45.22  81.35
  45.22  81.75
  44.67  81.25
Lake Huron 2
 22
  44.67  81.25
  44.05  81.75
  43.40  81.70
  43.00  82.42
  43.80  82.67
  44.00  82.72
  44.05  83.00
  43.99  83.25
  43.58  83.67
  43.75  83.95
  44.00  83.85
  44.00  83.65
  44.25  83.55
  44.30  83.30
  44.80  83.28
  45.08  83.40
  45.05  83.25
  45.32  83.50
  45.62  84.30
  45.83  84.75
  46.00  84.70
  46.00  83.95
Michigan
 11
  43.00  82.42
  42.50  82.60
  42.69  82.62
  42.62  82.80
  42.35  83.13
  42.30  83.10
  42.05  83.13
  41.75  83.40
  41.70  84.80
  41.75  84.80
  41.75  86.83
Lake Erie
 20
  42.50  82.60
  42.50  82.40
  42.30  82.42
  42.35  82.72
  42.30  83.10
  42.05  83.13
  42.00  82.50
  42.65  81.25
  42.60  80.42
  42.80  80.15
  42.85  78.90
  42.80  78.90
  42.55  79.17
  42.28  79.75
  42.00  80.50
  41.75  81.38
  41.50  81.75
  41.50  82.00
  41.40  82.50
  41.75  83.40
Ohio
 15
  42.00  80.50
  40.63  80.50
  40.60  80.68
  40.25  80.62
  39.72  80.85
  39.35  81.35
  39.42  81.42
  39.20  81.75
  38.94  81.76
  38.89  81.90
  39.00  82.00
  38.80  82.20
  38.63  82.17
  38.42  82.30
  38.42  82.58
Tennessee
 23
  35.00  90.30
  35.00  88.17
  35.00  85.57
  35.00  84.32
  35.20  84.30
  35.25  84.05
  35.45  84.00
  35.55  83.87
  35.58  83.50
  35.80  83.00
  35.95  82.90
  35.93  82.80
  36.00  82.80
  36.08  82.60
  35.95  82.58
  35.98  82.50
  36.10  82.40
  36.15  82.20
  36.10  82.10
  36.33  81.80
  36.30  81.70
  36.60  81.65
  36.60  83.68
Mississippi
 6
  35.00  88.17
  34.88  88.08
  31.90  88.43
  30.35  88.35
  30.40  88.90
  30.20  89.50
Alabama
 18
  35.00  85.57
  32.85  85.17
  32.50  85.00
  32.30  85.00
  32.25  84.90
  31.85  85.15
  31.50  85.05
  31.15  85.10
  31.00  85.00
  31.00  87.58
  30.86  87.60
  30.65  87.38
  30.30  87.50
  30.25  87.75
  30.40  87.90
  30.75  88.00
  30.35  88.13
  30.35  88.35
Georgia
 22
  31.00  85.00
  30.70  84.85
  30.56  82.22
  30.35  82.20
  30.35  82.05
  30.80  82.00
  30.70  81.45
  31.50  81.20
  32.00  80.90
  32.10  81.15
  32.45  81.22
  32.60  81.40
  33.05  81.50
  33.35  81.90
  33.50  81.90
  33.60  82.20
  34.00  82.55
  34.50  82.90
  34.50  83.00
  34.72  83.32
  35.00  83.12
  35.00  84.32
Florida 1
 20
  30.30  87.50
  30.40  86.60
  30.00  85.55
  29.70  85.30
  29.70  85.00
  29.95  84.40
  30.10  84.25
  30.10  84.00
  29.90  83.65
  29.70  83.52
  29.70  83.40
  29.50  83.38
  29.15  83.00
  29.17  82.80
  28.88  82.62
  28.67  82.67
  27.85  82.85
  27.70  82.65
  27.85  82.60
  27.95  82.70
Florida 2
 27
  27.95  82.70
  28.00  82.68
  27.95  82.53
  27.85  82.50
  27.95  82.45
  27.80  82.38
  27.50  82.65
  26.80  82.20
  26.95  82.15
  26.95  82.10
  26.50  82.05
  26.45  81.85
  25.95  81.70
  25.80  81.35
  25.40  81.15
  25.20  81.20
  25.10  81.10
  25.20  80.50
  25.35  80.30
  25.60  80.30
  25.90  80.10
  26.90  80.05
  28.10  80.60
  28.45  80.55
  28.60  80.60
  29.50  81.15
  30.70  81.45
South Carolina
 15
  32.00  80.90
  32.50  80.30
  32.70  79.90
  33.15  79.20
  33.40  79.15
  33.78  78.80
  33.85  78.55
  34.80  79.68
  34.82  80.78
  34.96  80.78
  35.09  80.94
  35.04  81.02
  35.12  81.05
  35.18  82.25
  35.00  83.12
North Carolina 1
 26
  33.85  78.55
  33.90  78.00
  34.30  77.72
  34.70  77.12
  34.72  76.55
  35.00  76.30
  35.05  76.45
  34.90  76.80
  35.10  76.55
  35.30  76.48
  35.50  77.00
  35.33  76.15
  35.60  75.75
  35.80  75.75
  35.98  75.90
  35.98  76.20
  35.92  76.75
  36.00  76.70
  36.00  76.50
  36.15  76.00
  36.07  75.80
  36.50  76.05
  36.55  75.90
  36.55  78.00
  36.55  80.00
  36.60  81.65
North Carolina 2
 5
  34.60  76.50
  35.00  76.10
  35.20  75.50
  35.60  75.45
  36.55  75.90
Virginia 1
 18
  37.52  82.00
  37.20  81.68
  37.20  81.55
  37.32  81.39
  37.22  81.25
  37.33  80.88
  37.65  80.22
  37.70  80.30
  38.00  80.00
  38.60  79.68
  38.42  79.35
  38.85  79.00
  38.77  78.87
  39.00  78.55
  39.15  78.40
  39.45  78.30
  39.12  77.82
  39.30  77.72
Virginia 2
 19
  39.30  77.72
  39.23  77.45
  39.10  77.50
  38.90  77.05
  38.70  77.05
  38.50  77.30
  38.32  77.25
  38.40  77.05
  38.17  76.88
  38.15  76.63
  37.90  76.25
  37.70  76.30
  37.40  76.25
  37.40  76.40
  37.20  76.40
  37.10  76.30
  36.95  76.30
  36.90  76.00
  36.55  75.90
Virginia 3
 7
  37.95  75.65
  37.85  75.68
  37.50  75.95
  37.10  75.95
  37.55  75.65
  38.02  75.40
  37.95  75.65
West Virginia
 11
  40.63  80.50
  39.74  80.50
  39.74  79.45
  39.18  79.47
  39.48  79.05
  39.45  78.96
  39.65  78.75
  39.54  78.45
  39.70  78.18
  39.60  77.85
  39.30  77.72
Maryland 1
 6
  39.74  79.45
  39.74  77.00
  39.74  75.79
  38.46  75.70
  38.44  75.05
  38.02  75.40
Maryland 2
 16
  38.40  77.05
  38.20  76.58
  38.05  76.34
  38.40  76.38
  38.50  76.50
  38.80  76.50
  39.10  76.40
  39.30  76.35
  39.50  75.95
  39.25  76.25
  38.60  76.10
  38.50  76.30
  38.20  76.05
  38.25  75.88
  37.95  75.88
  37.95  75.65
Delaware
 9
  38.44  75.05
  38.79  75.05
  39.05  75.42
  39.30  75.42
  39.50  75.55
  39.60  75.55
  39.80  75.40
  39.85  75.55
  39.74  75.79
Pennsylvannia
 13
  39.80  75.40
  40.15  74.72
  40.60  75.20
  40.80  75.20
  40.90  75.05
  41.00  75.15
  41.35  74.70
  41.50  75.00
  41.80  75.10
  42.00  75.35
  42.00  77.00
  42.00  79.75
  42.28  79.75
New Jersey
 12
  41.35  74.70
  41.00  73.90
  40.75  74.05
  40.50  74.28
  40.40  74.00
  40.00  74.05
  39.50  74.30
  39.00  74.80
  38.93  75.00
  39.15  74.90
  39.19  75.15
  39.50  75.55
New York 1
 19
  40.50  74.28
  40.60  73.80
  40.65  73.50
  40.73  73.25
  40.90  72.50
  41.08  71.90
  41.05  72.20
  40.95  72.50
  41.15  72.30
  41.00  72.55
  40.95  73.45
  40.85  73.80
  41.00  73.65
  41.10  73.70
  41.20  73.45
  41.25  73.50
  42.05  73.45
  42.75  73.25
  43.50  73.20
New York 2
 23
  43.50  73.20
  43.60  73.25
  43.58  73.42
  43.80  73.37
  44.05  73.40
  44.25  73.30
  44.45  73.30
  44.55  73.40
  45.00  73.35
  45.00  74.80
  44.85  75.30
  44.10  76.38
  44.00  76.10
  43.80  76.25
  43.55  76.20
  43.50  76.45
  43.30  76.70
  43.25  77.00
  43.23  77.55
  43.33  78.00
  43.33  78.50
  43.25  79.05
  42.85  78.90
Lake Ontario
 14
  43.25  79.05
  43.15  79.35
  43.25  79.80
  43.65  79.60
  43.80  79.10
  43.95  78.25
  44.03  77.55
  43.95  77.50
  43.85  77.15
  43.95  76.85
  43.95  77.00
  44.10  76.83
  44.20  76.50
  44.10  76.38
Connecticut
 11
  41.00  73.65
  41.22  72.90
  41.30  71.85
  41.40  71.85
  41.42  71.80
  42.05  71.80
  42.05  72.75
  42.00  72.75
  42.00  72.80
  42.05  72.80
  42.05  73.45
Rhode Island
 9
  41.30  71.85
  41.37  71.47
  41.75  71.37
  41.48  71.25
  41.50  71.10
  41.65  71.15
  41.80  71.35
  42.00  71.40
  42.00  71.80
Massachusetts
 24
  41.50  71.10
  41.50  71.00
  41.72  70.65
  41.55  70.65
  41.60  70.35
  41.65  69.95
  41.95  70.00
  42.05  70.12
  42.05  70.20
  42.05  70.12
  41.80  70.00
  41.70  70.20
  41.80  70.50
  41.95  70.50
  42.25  70.80
  42.25  71.00
  42.40  71.00
  42.65  70.60
  42.70  70.80
  42.88  70.80
  42.85  71.05
  42.70  71.25
  42.72  72.45
  42.75  73.25
New Hampshire
 19
  42.88  70.80
  43.05  70.72
  43.10  70.80
  43.20  70.80
  43.40  70.98
  43.60  71.00
  45.28  71.10
  45.23  71.12
  45.28  71.30
  45.00  71.50
  44.75  71.62
  44.58  71.52
  44.40  71.70
  44.25  72.05
  44.10  72.05
  43.55  72.35
  43.00  72.45
  42.88  72.55
  42.72  72.45
Maine 1
 18
  43.05  70.72
  43.20  70.60
  43.58  70.20
  43.70  70.25
  43.88  70.00
  43.88  69.85
  43.70  69.85
  43.85  69.50
  44.00  69.35
  43.95  69.20
  44.08  69.05
  44.50  68.80
  44.13  68.70
  44.40  68.45
  44.20  68.30
  44.55  67.60
  44.65  67.12
  44.80  66.95
Maine 2
 21
  44.80  66.95
  45.13  67.15
  45.20  67.25
  45.15  67.33
  45.30  67.45
  45.58  67.42
  45.67  67.80
  47.05  67.80
  47.35  68.30
  47.18  68.90
  47.20  69.05
  47.40  69.05
  47.47  69.25
  46.70  70.00
  46.40  70.05
  46.18  70.25
  45.90  70.25
  45.60  70.65
  45.20  70.85
  45.30  71.00
  45.28  71.10
Vermont
 2
  45.00  71.50
  45.00  73.35
Alaska
 6
  54.70 130.70
  54.60 132.50
  56.20 135.00
  58.30 137.50
  59.25 139.50
  60.00 142.50
British Columbia
 29
  49.00 122.75
  49.40 123.40
  49.50 124.00
  50.00 124.50
  50.50 125.00
  50.50 126.00
  51.20 127.35
  53.50 130.50
  54.70 130.50
  55.20 130.00
  56.10 130.00
  56.50 132.00
  59.60 135.50
  59.00 137.50
  60.00 139.00
  60.00 135.00
  60.00 130.00
  60.00 125.00
  60.00 120.00
  53.80 120.00
  53.50 119.80
  53.20 119.00
  52.40 118.15
  52.20 117.25
  51.80 116.75
  51.10 115.90
  50.50 115.00
  49.50 114.50
  49.00 114.05
Vancouver
 12
  50.90 128.25
  49.75 127.00
  49.00 125.50
  48.30 123.60
  48.50 123.30
  48.90 123.60
  49.25 124.00
  49.50 124.80
  50.40 125.60
  50.60 127.00
  50.90 128.00
  50.90 128.25
Alberta
 4
  60.00 120.00
  60.00 115.00
  60.00 110.00
  49.00 110.00
Saskatchewan
 5
  60.00 110.00
  60.00 105.00
  60.00 102.00
  55.00 102.00
  49.00 101.35
Manitoba
 12
  60.00 102.00
  60.00 100.00
  60.00  94.75
  58.80  94.75
  58.65  94.25
  58.65  93.00
  57.50  92.50
  57.00  92.70
  57.40  91.00
  56.80  89.00
  52.90  95.12
  49.35  95.12
Ontario
 28
  56.80  89.00
  56.50  88.00
  56.00  87.40
  55.40  85.00
  55.30  82.90
  54.20  82.50
  53.90  82.20
  52.90  82.40
  51.75  80.75
  51.45  80.50
  51.25  79.70
  51.60  79.60
  47.50  79.60
  47.10  79.50
  46.25  78.80
  46.20  77.50
  45.80  77.00
  45.90  76.90
  45.85  76.75
  45.60  76.60
  45.45  76.35
  45.50  76.10
  45.35  75.85
  45.60  74.95
  45.50  74.40
  45.25  74.45
  45.15  74.38
  45.00  74.82
New Brunswick
 23
  44.80  66.95
  45.10  66.40
  45.35  65.50
  45.70  64.40
  45.80  64.05
  46.00  64.05
  46.10  63.75
  46.20  64.50
  46.80  65.00
  47.05  64.80
  47.05  65.40
  47.30  65.00
  47.80  64.70
  47.70  65.60
  47.90  65.80
  48.00  66.35
  47.90  67.40
  48.00  67.65
  48.00  68.10
  47.90  68.10
  47.90  68.40
  47.55  68.40
  47.25  69.05
Nova Scotia
 27
  45.70  64.40
  45.30  64.90
  45.30  63.45
  45.10  64.35
  45.25  64.35
  44.50  66.00
  43.70  66.10
  43.45  65.60
  43.90  64.75
  44.50  64.00
  44.50  63.50
  45.30  61.00
  45.30  61.45
  45.45  61.20
  45.60  60.40
  46.00  59.80
  46.20  60.00
  46.30  60.55
  46.80  60.35
  47.00  60.50
  47.00  60.65
  46.00  61.50
  45.60  60.50
  45.60  61.90
  45.85  61.90
  45.60  62.50
  46.00  64.05
Quebec 1
 16
  51.60  79.60
  52.50  78.60
  54.00  79.00
  54.80  79.80
  55.25  78.00
  56.00  76.70
  57.30  76.60
  58.00  77.30
  58.50  78.50
  60.00  77.00
  62.50  78.00
  62.25  75.00
  62.40  73.50
  61.25  72.00
  61.00  69.50
  60.00  69.50
Quebec 2
 20
  48.00  66.35
  48.05  65.40
  48.40  64.25
  48.75  64.25
  49.20  65.60
  49.15  66.30
  48.75  67.30
  48.20  69.00
  46.80  71.10
  47.60  70.00
  48.70  69.00
  49.20  68.00
  49.15  67.50
  50.20  66.50
  50.40  65.00
  50.20  60.00
  51.00  58.80
  51.30  57.10
  52.00  57.10
  52.00  60.00
Quebec 3
 25
  52.00  60.00
  52.00  63.80
  52.50  64.00
  52.60  63.50
  52.80  64.00
  51.60  64.50
  52.00  65.00
  52.00  66.00
  53.00  66.50
  52.60  67.00
  54.00  67.50
  55.10  67.50
  54.75  66.80
  55.30  67.00
  55.00  66.00
  54.60  63.60
  56.00  64.00
  57.50  63.60
  57.60  64.50
  58.80  64.00
  60.40  64.50
  58.20  67.50
  59.00  68.30
  59.50  69.00
  60.00  69.50
Labrador
 8
  51.30  57.10
  52.10  55.80
  53.40  55.80
  53.75  57.00
  54.60  57.20
  55.20  60.00
  58.00  62.00
  60.40  64.80
Newfoundland 1
 20
  51.50  55.40
  51.30  56.80
  50.60  57.35
  49.50  58.00
  48.60  58.75
  48.55  58.50
  47.95  59.40
  47.50  59.20
  47.60  58.00
  47.40  55.25
  47.00  56.00
  46.80  55.30
  47.85  54.00
  46.80  54.25
  47.20  53.55
  46.60  53.60
  46.60  53.05
  47.75  52.70
  47.40  53.10
  47.70  53.20
Newfoundland 2
 15
  47.70  53.20
  48.10  53.00
  48.00  53.40
  47.50  53.30
  47.70  53.90
  48.65  53.10
  48.50  53.65
  49.00  53.80
  49.25  53.55
  49.35  54.00
  49.50  55.95
  50.00  55.50
  50.20  56.10
  49.60  56.80
  51.50  55.40
Mexico 1
 25
  32.50 117.17
  31.83 116.67
  31.58 116.73
  30.30 115.80
  29.75 115.70
  29.40 115.00
  28.50 114.10
  28.00 114.17
  27.80 114.50
  27.85 115.10
  27.23 114.50
  26.75 113.60
  26.80 113.25
  26.20 112.20
  25.67 112.10
  24.85 112.35
  24.35 111.75
  24.10 111.00
  23.80 110.30
  22.90 110.00
  23.50 109.50
  24.40 110.30
  24.25 110.30
  24.40 110.65
  25.00 110.75
Mexico 2
 25
  25.00 110.75
  26.00 111.35
  26.67 111.55
  27.75 112.75
  28.45 112.95
  30.05 114.60
  30.90 114.75
  31.00 114.90
  31.75 114.75
  31.50 114.10
  31.55 113.90
  31.25 113.70
  31.10 113.15
  30.70 113.15
  29.35 112.40
  28.40 111.70
  27.95 111.17
  27.90 110.60
  27.30 110.50
  27.00 110.00
  26.75 109.75
  26.50 109.35
  25.75 109.40
  25.30 108.50
  24.70 108.00
Mexico 3
 25
  24.70 108.00
  23.50 106.70
  21.45 105.25
  20.45 105.70
  19.30 105.00
  18.25 103.50
  17.80 102.25
  17.25 101.15
  15.95  97.80
  15.60  96.55
  16.20  95.10
  16.20  94.40
  15.75  93.60
  14.50  92.25
  15.20  92.25
  16.00  91.75
  16.00  90.40
  16.35  90.35
  17.25  91.40
  17.25  91.00
  17.75  91.00
  17.75  89.10
  17.50  89.10
  18.50  88.50
  18.20  87.90
Mexico 4
 20
  18.20  87.90
  19.25  87.50
  20.20  87.45
  20.95  86.70
  21.45  87.00
  21.50  88.15
  21.00  90.40
  19.90  90.50
  19.40  90.70
  18.75  91.90
  18.10  94.55
  18.60  95.00
  18.75  95.80
  19.90  96.50
  20.50  97.10
  22.60  97.90
  22.70  97.75
  25.00  97.50
  25.75  97.20
  25.96  97.17
Central America
 13
  18.20  87.90
  17.00  88.30
  16.00  89.00
  15.60  88.00
  16.00  85.00
  15.00  83.20
  11.25  83.90
  10.00  83.00
  10.00  85.80
  11.25  85.75
  13.20  88.00
  14.00  91.80
  14.50  92.25
Cuba
 30
  22.15  84.40
  22.15  83.40
  22.60  82.75
  22.60  81.85
  22.50  81.65
  22.45  82.15
  22.20  81.80
  22.05  80.50
  21.80  80.20
  21.50  79.10
  21.60  78.75
  21.00  78.50
  20.75  78.00
  20.75  77.35
  20.50  77.10
  19.80  77.75
  19.95  76.15
  19.85  75.50
  20.25  74.05
  20.65  74.90
  20.80  75.60
  21.05  75.75
  21.50  76.90
  22.40  78.70
  22.40  79.35
  22.95  80.00
  23.20  82.00
  22.95  83.25
  22.65  84.00
  22.15  84.40
Hawaii 1 - Hawaii
 11
  18.90 155.70
  19.20 155.40
  19.45 154.90
  19.80 155.10
  19.90 155.10
  20.30 155.85
  20.00 155.80
  19.75 156.05
  19.30 155.90
  19.10 155.95
  18.90 155.70
Hawaii 2 - Maui
 8
  20.75 156.00
  20.60 156.40
  20.80 156.45
  20.85 156.60
  21.05 156.55
  20.95 156.45
  20.98 156.30
  20.75 156.00
Hawaii 3 - Molokai
 5
  21.15 156.70
  21.05 156.80
  21.10 157.35
  21.20 157.25
  21.15 156.70
Hawaii 4 - Oahu
 9
  21.20 157.65
  21.30 157.95
  21.30 158.20
  21.55 158.30
  21.55 158.20
  21.70 158.05
  21.45 157.90
  21.40 157.70
  21.20 157.65
Hawaii 5 - Kauai
 6
  22.15 159.25
  21.90 159.35
  21.85 159.45
  22.05 159.75
  22.25 159.50
  22.15 159.25
